0 0.3015625 0.41796875 0.13125 0.126171875
0 0.31640625 0.1421875 0.0796875 0.09765625
0 0.534375 0.1859375 0.116015625 0.13125
0 0.44921875 0.390625 0.134375 0.137109375
0 0.60390625 0.35 0.0796875 0.0875
0 0.72578125 0.31953125 0.0765625 0.082421875
0 0.85078125 0.42109375 0.1671875 0.153125
0 0.93125 0.2953125 0.08046875 0.05390625
0 0.86171875 0.30078125 0.065625 0.065625
0 0.02578125 0.4046875 0.051171875 0.07734375
0 0.209375 0.34140625 0.07578125 0.070703125
0 0.9546875 0.196875 0.03359375 0.065625