0 0.1296875 0.12421875 0.21015625 0.159375
0 0.36875 0.1171875 0.203125 0.184375
0 0.621875 0.11953125 0.215234375 0.179296875
0 0.86484375 0.10703125 0.207421875 0.1640625
0 0.13359375 0.30625 0.203125 0.153515625
0 0.13125 0.49765625 0.199609375 0.1890625
0 0.13359375 0.70390625 0.226953125 0.154296875
0 0.13359375 0.878125 0.203125 0.144140625
0 0.3765625 0.86796875 0.19609375 0.154296875
0 0.62578125 0.8703125 0.207421875 0.159375
0 0.86484375 0.86796875 0.198828125 0.154296875
0 0.86875 0.67890625 0.215234375 0.184375
0 0.86640625 0.48046875 0.1953125 0.184375
0 0.8625 0.28828125 0.21171875 0.169921875