0 0.1296875 0.12421875 0.2109375 0.159375
0 0.36875 0.1171875 0.203125 0.184375
0 0.621875 0.11953125 0.21484375 0.17890625
0 0.86484375 0.10703125 0.20703125 0.1640625
0 0.13359375 0.30625 0.203125 0.15390625
0 0.13125 0.49765625 0.19921875 0.1890625
0 0.13359375 0.70390625 0.22734375 0.15390625
0 0.13359375 0.878125 0.203125 0.14453125
0 0.3765625 0.86796875 0.1953125 0.15390625
0 0.62578125 0.8703125 0.20703125 0.159375
0 0.86484375 0.86796875 0.19921875 0.15390625
0 0.86875 0.67890625 0.21484375 0.184375
0 0.86640625 0.48046875 0.1953125 0.184375
0 0.8625 0.28828125 0.2109375 0.16953125