1 0.8953125 0.321875 0.0265625 0.0296875
1 0.98046875 0.32421875 0.025 0.0296875
1 0.55078125 0.00703125 0.0625 0.0140625
1 0.9390625 0.01328125 0.040625 0.0265625
1 0.4859375 0.02265625 0.0875 0.0453125
1 0.94140625 0.321875 0.0359375 0.0390625
1 0.43515625 0.30390625 0.04375 0.0703125
1 0.03046875 0.1015625 0.0609375 0.128125
1 0.43515625 0.03125 0.04375 0.0625
1 0.03125 0.22578125 0.0625 0.125
1 0.4890625 0.33203125 0.0703125 0.0921875
1 0.53515625 0.27421875 0.0609375 0.071875
1 0.4046875 0.0625 0.0703125 0.0875
1 0.4046875 0.26796875 0.0703125 0.0890625
1 0.53359375 0.05390625 0.0625 0.075
1 0.5453125 0.375 0.090625 0.1109375
1 0.7203125 0.27890625 0.09375 0.1203125
1 0.71875 0.053125 0.096875 0.10625