1 0.41328125 0.3890625 0.0390625 0.040625
1 0.478125 0.2 0.034375 0.0375
1 0.47734375 0.12734375 0.0359375 0.0390625
1 0.5328125 0.35390625 0.040625 0.04375
1 0.66796875 0.3015625 0.0390625 0.04375
1 0.6390625 0.3828125 0.0390625 0.0484375
1 0.515625 0.38046875 0.0359375 0.04375
1 0.3328125 0.3015625 0.0359375 0.0390625
1 0.16796875 0.2890625 0.034375 0.0390625
1 0.16796875 0.03828125 0.034375 0.0390625
1 0.24140625 0.38203125 0.0359375 0.046875
1 0.66796875 0.025 0.0390625 0.040625
1 0.14453125 0.4890625 0.0484375 0.053125
1 0.93125 0.46015625 0.0453125 0.0484375
1 0.33203125 0.0265625 0.034375 0.0390625
1 0.97421875 0.6125 0.0515625 0.05625