1 0.71875 0.28203125 0.0390625 0.053125
1 0.7171875 0.04453125 0.0359375 0.046875
1 0.81875 0.278125 0.065625 0.084375
1 0.55859375 0.33359375 0.0453125 0.0546875
1 0.21484375 0.38203125 0.0609375 0.065625
1 0.81484375 0.04921875 0.0671875 0.0796875
1 0.8734375 0.27734375 0.075 0.1015625
1 0.9734375 0.27109375 0.053125 0.0796875
1 0.56875 0.2484375 0.0796875 0.0921875
1 0.8703125 0.04921875 0.0828125 0.0984375
1 0.9734375 0.05546875 0.053125 0.078125
1 0.56875 0.0796875 0.0796875 0.090625
1 0.49296875 0.4171875 0.125 0.1359375