1 0.71875 0.28203125 0.03828125 0.053125
1 0.7171875 0.04453125 0.0359375 0.04609375
1 0.81875 0.278125 0.06484375 0.084375
1 0.55859375 0.33359375 0.0453125 0.05546875
1 0.21484375 0.38203125 0.06015625 0.06484375
1 0.81484375 0.04921875 0.0671875 0.0796875
1 0.8734375 0.27734375 0.07421875 0.1015625
1 0.9734375 0.27109375 0.053125 0.0796875
1 0.56875 0.2484375 0.0796875 0.09140625
1 0.8703125 0.04921875 0.08203125 0.0984375
1 0.9734375 0.05546875 0.053125 0.07734375
1 0.56875 0.0796875 0.0796875 0.09140625
1 0.49296875 0.4171875 0.125 0.13515625