1 0.0421875 0.040625 0.0359375 0.053125
1 0.98984375 0.03828125 0.0203125 0.0578125
1 0.02734375 0.03671875 0.0546875 0.0640625
1 0.12890625 0.40390625 0.0359375 0.0546875
1 0.12890625 0.0328125 0.0359375 0.05625
1 0.4046875 0.04375 0.065625 0.078125
1 0.98984375 0.39296875 0.0203125 0.0546875
1 0.94921875 0.0515625 0.053125 0.0546875
1 0.02890625 0.3953125 0.0578125 0.0625
1 0.94921875 0.384375 0.0484375 0.0546875
1 0.6359375 0.04375 0.059375 0.0828125
1 0.1734375 0.4109375 0.0765625 0.09375
1 0.40390625 0.38671875 0.0625 0.0796875
1 0.79296875 0.0640625 0.071875 0.0890625
1 0.63828125 0.38828125 0.059375 0.078125
1 0.27421875 0.04609375 0.0765625 0.0875
1 0.17578125 0.03515625 0.0765625 0.0703125
1 0.27421875 0.390625 0.071875 0.0875
1 0.7921875 0.36875 0.0703125 0.0859375